@d str_0_255 	"^^@@^^A^^B^^C^^D^^E^^F^^G^^H^^I^^J^^K^^L^^M^^N^^O"@/
	"^^P^^Q^^R^^S^^T^^U^^V^^W^^X^^Y^^Z^^[^^\\^^]^^^^^_"@/
	" !\"#$%&'()*+,-./"@/
	"0123456789:;<=>?"@/
	"@@ABCDEFGHIJKLMNO"@/
	"PQRSTUVWXYZ[\\]^_"@/
	"`abcdefghijklmno"@/
	"pqrstuvwxyz{|}~^^?"@/
	"€‚ƒ„…†‡‰‹"@/
	"‘’“”•–—™›"@/
	" ΅Ά£¤¥¦§¨©«¬­®―"@/
	"^^b0^^b1^^b2^^b3^^b4^^b5^^b6^^b7^^b8^^b9^^ba^^bb^^bc^^bd^^be^^bf"@/
	"^^c0^^c1^^c2^^c3^^c4^^c5^^c6^^c7^^c8^^c9^^ca^^cb^^cc^^cd^^ce^^cf"@/
	"^^d0^^d1^^d2^^d3^^d4^^d5^^d6^^d7^^d8^^d9^^da^^db^^dc^^dd^^de^^df"@/
	"ΰαβγδεζηθικλμνξο"@/
	"πρ^^f2^^f3^^f4^^f5^^f6^^f7^^f8^^f9^^fa^^fbό^^fd^^fe^^ff"@/
@d str_start_0_255	0, 3, 6, 9, 12, 15, 18, 21, 24, 27, 30, 33, 36, 39, 42, 45,@/
	48, 51, 54, 57, 60, 63, 66, 69, 72, 75, 78, 81, 84, 87, 90, 93,@/
	96, 97, 98, 99, 100, 101, 102, 103, 104, 105, 106, 107, 108, 109, 110, 111,@/
	112, 113, 114, 115, 116, 117, 118, 119, 120, 121, 122, 123, 124, 125, 126, 127,@/
	128, 129, 130, 131, 132, 133, 134, 135, 136, 137, 138, 139, 140, 141, 142, 143,@/
	144, 145, 146, 147, 148, 149, 150, 151, 152, 153, 154, 155, 156, 157, 158, 159,@/
	160, 161, 162, 163, 164, 165, 166, 167, 168, 169, 170, 171, 172, 173, 174, 175,@/
	176, 177, 178, 179, 180, 181, 182, 183, 184, 185, 186, 187, 188, 189, 190, 191,@/
	194, 195, 196, 197, 198, 199, 200, 201, 202, 203, 204, 205, 206, 207, 208, 209,@/
	210, 211, 212, 213, 214, 215, 216, 217, 218, 219, 220, 221, 222, 223, 224, 225,@/
	226, 227, 228, 229, 230, 231, 232, 233, 234, 235, 236, 237, 238, 239, 240, 241,@/
	242, 246, 250, 254, 258, 262, 266, 270, 274, 278, 282, 286, 290, 294, 298, 302,@/
	306, 310, 314, 318, 322, 326, 330, 334, 338, 342, 346, 350, 354, 358, 362, 366,@/
	370, 374, 378, 382, 386, 390, 394, 398, 402, 406, 410, 414, 418, 422, 426, 430,@/
	434, 435, 436, 437, 438, 439, 440, 441, 442, 443, 444, 445, 446, 447, 448, 449,@/
	450, 451, 452, 456, 460, 464, 468, 472, 476, 480, 484, 488, 492, 493, 497, 501,@/
